vp        lock canvases blank            ctrls under44 sample
1280x800    6     19   []                 62     0   []
1280x800    7      1   []                  2     0   []
1280x800    8     21   []                 16     0   []
1280x800    9      1   []                 12     0   []
1280x800   10     18   []                 18     0   []
1280x800   11      2   []                  5     0   []
1280x800   12     30   []                 28     0   []
1280x800   13     13   []                 21     0   []
1280x800   14     21   []                 19     0   []
1280x800   15     16   []                 31     0   []
390x844     6     19   []                 62     0   []
390x844     7      1   []                  2     0   []
390x844     8     21   []                 16     0   []
390x844     9      1   []                 12     0   []
390x844    10     18   []                 18     0   []
390x844    11      2   []                  5     0   []
390x844    12     30   []                 28     0   []
390x844    13     13   []                 21     0   []
390x844    14     21   []                 19     0   []
390x844    15     16   []                 31     0   []
INK+TARGET FLOOR: GREEN
